"x"
4.70081377753804e-05
